Ti1r=90;
Ti2r=20;
M1r=500;
M2r=500;
V1r=0.05;
V2r=0.0283;
ror=1000;
cpr=4186;
l12r=1.02e6;
S1r=1.885;
nr=5;
S1ir=S1r/nr;
V2ir=V2r/nr;

